1 -1 -1 -1 -1
1  2 -1 -1 -1
1  2  3 -1 -1
1  2  3 -1 -1
1  2  3  4 -1
1  2  3  4  5
1  2  3  4  5
1  2  3  4  5
6  2  3  4  5
6  2  3  4  5
6  2  3  4  5
6  2  3  4  5
6  2  3  4  5
6  2  3  4  5
6  2  3  4  5
6  2  3  4  5
6  7  3  4  5
6  7  3  4  5
6  7  2  4  5
6  7  2  3  5
6  7  2  3  5
6  7  2  3  5
6  7  2  3  4
6  7  2  3  4
6  7  2  3  4
6  7  2  3  4
1  7  2  3  4
Page fault of FIFO: 11

1 -1 -1 -1 -1
1  2 -1 -1 -1
1  2  3 -1 -1
1  2  3 -1 -1
1  2  3  4 -1
1  2  3  4  5
1  2  3  4  5
1  2  3  4  5
1  2  6  4  5
1  2  6  3  5
1  2  6  3  5
1  2  6  3  4
1  2  6  3  4
1  2  6  3  4
1  2  6  3  4
1  2  6  3  4
7  2  6  3  4
7  2  6  3  4
7  2  6  3  4
7  2  6  3  4
7  2  6  3  4
7  2  5  3  4
7  2  5  3  4
7  2  5  3  4
6  2  5  3  4
6  2  5  3  4
6  2  5  1  4
Page fault of LRU: 12

1 -1 -1 -1 -1
1  2 -1 -1 -1
1  2  3 -1 -1
1  2  3 -1 -1
1  2  3  4 -1
1  2  3  4  5
1  2  3  4  5
1  2  3  4  5
1  2  3  6  5
1  2  3  6  5
1  2  3  6  5
1  2  3  4  5
1  2  3  6  5
1  2  3  4  5
1  2  3  4  5
1  2  3  4  5
1  2  3  7  5
1  2  3  7  5
1  2  3  7  5
1  2  3  7  5
1  2  3  7  5
1  2  3  7  5
1  2  3  4  5
1  2  3  4  5
1  2  3  6  5
1  2  3  6  5
1  2  3  6  5
Page fault of LFU: 12

1 -1 -1 -1 -1
1  2 -1 -1 -1
1  2  3 -1 -1
1  2  3 -1 -1
1  2  3  4 -1
1  2  3  4  5
1  2  3  4  5
1  2  3  4  5
6  2  3  4  5
6  2  3  4  5
6  2  3  4  5
6  2  3  4  5
6  2  3  4  5
6  2  3  4  5
6  2  3  4  5
6  2  3  4  5
7  2  3  4  5
7  2  3  4  5
7  2  3  4  5
7  2  3  4  5
7  2  3  4  5
7  2  3  4  5
7  2  3  4  5
7  2  3  4  5
6  2  3  4  5
6  2  3  4  5
1  2  3  4  5
Page fault of Optimal: 9